2000100002 0 16 0 16
2000100002 1 5 0 5
2000100002 2 4 0 4
2000100002 3 6 0 6
2000100002 4 69 0 69
2000100002 5 8 0 8
2000100002 6 140 0 140
2000100002 7 9 0 9
2000100002 8 2 0 2
2000100002 9 2 0 2
2000100002 10 27 0 27
2000100002 13 5 0 5
2000100002 14 6 0 6
2000100002 15 1 0 1
2000100002 16 1 0 1
2000100002 17 56 0 56
2000100002 19 67 0 67
2000100002 20 5 0 5
2000100002 21 127 0 127
2000100002 25 17 0 17
2000100002 27 39 0 39
2000100002 28 1 0 1
2000100002 29 57 0 57
2000100002 31 72 0 72
2000100002 32 2 0 2
2000100002 33 7 0 7
2000100002 34 29 0 29
2000100002 35 1 0 1
2000100002 36 4 0 4
2000100002 39 141 0 141
2000100002 40 26 0 26
2000100002 41 2 0 2
2000100002 43 2 0 2
2000100002 44 1 0 1
2000100002 45 126 0 126
2000100002 46 8 0 8
2000100002 47 17 0 17
2000100002 48 21 0 21
2000100002 49 46 0 46
2000100002 51 89 0 89
2000100002 52 3 0 3
2000100002 53 1 0 1
2000100002 54 69 0 69
2000100002 56 3 0 3
2000100002 59 2 0 2
2000100002 60 22 0 22
2000100002 61 10 0 10
2000100002 62 11 0 11
2000100002 63 212 0 212
2000100002 64 6 0 6
2000100002 65 8 0 8
2000100002 66 57 0 57
2000100002 67 16 0 16
2000100002 68 21 0 21
2000100002 69 9 0 9
2000100002 70 3 0 3
2000100002 72 5 0 5
2000100002 73 5 0 5
2000100002 74 13 0 13
2000100002 75 8 0 8
2000100002 79 7 0 7
2000100002 80 9 0 9
2000100002 84 175 0 175
2000100002 88 1 0 1
2000100002 89 140 0 140
2000100002 91 79 0 79
2000100002 92 4 0 4
2000100002 93 71 0 71
2000100002 94 5 0 5
2000100002 95 19 0 19
2000100002 97 19 0 19
2000100002 98 109 0 109
2000100002 99 120 0 120
2000100002 101 10 0 10
2000100002 102 13 0 13
2000100002 103 24 0 24
2000100002 104 24 0 24
2000100002 105 17 0 17
2000100002 106 7 0 7
2000100002 107 8 0 8
2000100002 109 21 0 21
2000100002 110 6 0 6
2000100002 111 1 0 1
2000100002 112 3 0 3
2000100002 113 45 0 45
2000100002 114 10 0 10
2000100002 115 12 0 12
2000100002 116 10 0 10
2000100002 117 78 0 78
2000100002 119 11 0 11
2000100002 121 5 0 5
2000100002 122 1 0 1
2000100002 123 21 0 21
2000100002 124 6 0 6
2000100002 125 64 42 64
2000100002 126 1 0 1
2000100002 127 16 0 16
2000200002 0 12 0 12
2000200002 1 8 0 8
2000200002 2 5 0 5
2000200002 3 29 0 29
2000200002 4 8 0 8
2000200002 5 16 0 16
2000200002 6 70 0 70
2000200002 7 184 0 184
2000200002 8 26 0 26
2000200002 9 4 0 4
2000200002 10 25 0 25
2000200002 11 81 0 81
2000200002 12 10 0 10
2000200002 13 18 0 18
2000200002 15 24 0 24
2000200002 16 51 0 51
2000200002 17 22 0 22
2000200002 18 27 0 27
2000200002 19 33 0 33
2000200002 21 111 0 111
2000200002 23 6 0 6
2000200002 24 50 0 50
2000200002 25 27 0 27
2000200002 26 25 0 25
2000200002 27 395 0 395
2000200002 28 97 0 97
2000200002 29 136 0 136
2000200002 30 39 0 39
2000200002 31 203 0 203
2000200002 32 38 0 38
2000200002 33 186 0 186
2000200002 34 37 0 37
2000200002 35 37 0 37
2000200002 36 59 0 59
2000200002 37 14 0 14
2000200002 38 6 0 6
2000200002 39 566 0 566
2000200002 40 79 0 79
2000200002 41 57 0 57
2000200002 42 11 0 11
2000200002 43 7 0 7
2000200002 44 8 0 8
2000200002 45 122 0 122
2000200002 46 17 0 17
2000200002 47 10 0 10
2000200002 48 8 0 8
2000200002 49 15 0 15
2000200002 50 76 0 76
2000200002 51 131 0 131
2000200002 52 19 0 19
2000200002 54 445 0 445
2000200002 56 15 0 15
2000200002 57 15 0 15
2000200002 58 6 0 6
2000200002 59 5 0 5
2000200002 60 13 0 13
2000200002 61 6 0 6
2000200002 62 15 0 15
2000200002 63 252 0 252
2000200002 64 10 0 10
2000200002 65 79 0 79
2000200002 66 23 0 23
2000200002 67 34 0 34
2000200002 68 7 0 7
2000200002 69 3 0 3
2000200002 70 9 0 9
2000200002 71 41 0 41
2000200002 72 14 0 14
2000200002 73 163 0 163
2000200002 75 12 0 12
2000200002 76 14 0 14
2000200002 77 29 0 29
2000200002 79 20 0 20
2000200002 80 53 0 53
2000200002 81 127 0 127
2000200002 82 114 0 114
2000200002 83 20 0 20
2000200002 84 101 0 101
2000200002 85 41 0 41
2000200002 86 20 0 20
2000200002 87 10 0 10
2000200002 88 295 0 295
2000200002 89 333 0 333
2000200002 90 12 0 12
2000200002 91 156 0 156
2000200002 92 19 0 19
2000200002 93 104 0 104
2000200002 94 27 0 27
2000200002 95 1 0 1
2000200002 96 11 0 11
2000200002 97 4 0 4
2000200002 98 7 0 7
2000200002 99 24 0 24
2000200002 100 21 0 21
2000200002 101 94 0 94
2000200002 102 7 0 7
2000200002 103 20 0 20
2000200002 104 115 0 115
2000200002 105 50 0 50
2000200002 106 129 0 129
2000200002 107 305 0 305
2000200002 108 58 0 58
2000200002 109 7 0 7
2000200002 110 22 0 22
2000200002 111 18 0 18
2000200002 112 5 0 5
2000200002 113 28 0 28
2000200002 114 16 0 16
2000200002 115 43 0 43
2000200002 117 523 0 523
2000200002 119 117 0 117
2000200002 121 38 0 38
2000200002 122 126 0 126
2000200002 123 9 0 9
2000200002 124 16 0 16
2000200002 125 156 1 156
2000200002 126 16 0 16
2000200002 127 40 0 40
2000300002 0 59 0 59
2000300002 1 166 0 166
2000300002 3 6 0 6
2000300002 4 23 0 23
2000300002 5 21 0 21
2000300002 6 72 0 72
2000300002 7 96 0 96
2000300002 8 9 0 9
2000300002 9 6 0 6
2000300002 10 54 0 54
2000300002 11 276 0 276
2000300002 12 6 0 6
2000300002 13 8 0 8
2000300002 14 7 0 7
2000300002 15 167 0 167
2000300002 16 148 0 148
2000300002 17 117 0 117
2000300002 18 43 0 43
2000300002 19 14 0 14
2000300002 21 8 0 8
2000300002 23 7 0 7
2000300002 24 150 0 150
2000300002 25 100 0 100
2000300002 26 121 0 121
2000300002 27 343 0 343
2000300002 28 16 0 16
2000300002 29 33 0 33
2000300002 30 60 0 60
2000300002 31 89 0 89
2000300002 32 1 0 1
2000300002 33 290 1 291
2000300002 34 28 0 28
2000300002 35 71 0 71
2000300002 36 3 0 3
2000300002 37 26 0 26
2000300002 38 130 0 130
2000300002 39 132 2 134
2000300002 40 55 0 55
2000300002 41 47 0 47
2000300002 42 10 0 10
2000300002 43 30 0 30
2000300002 45 70 0 70
2000300002 46 52 0 52
2000300002 47 206 0 206
2000300002 48 22 0 22
2000300002 49 12 0 12
2000300002 50 25 0 25
2000300002 51 8 0 8
2000300002 52 230 0 230
2000300002 53 6 0 6
2000300002 54 136 0 136
2000300002 55 254 0 254
2000300002 56 1 0 1
2000300002 57 11 0 11
2000300002 58 7 0 7
2000300002 59 7 0 7
2000300002 60 11 0 11
2000300002 62 7 0 7
2000300002 63 44 0 44
2000300002 64 15 0 15
2000300002 65 105 0 105
2000300002 66 9 0 9
2000300002 67 14 0 14
2000300002 68 36 0 36
2000300002 69 29 0 29
2000300002 70 11 0 11
2000300002 71 9 0 9
2000300002 72 47 0 47
2000300002 73 324 0 324
2000300002 74 334 0 334
2000300002 75 48 0 48
2000300002 76 47 0 47
2000300002 77 142 0 142
2000300002 78 151 0 151
2000300002 79 10 0 10
2000300002 80 90 0 90
2000300002 81 225 0 225
2000300002 82 41 0 41
2000300002 83 44 0 44
2000300002 84 164 0 164
2000300002 85 241 0 241
2000300002 86 62 0 62
2000300002 87 191 0 191
2000300002 88 347 0 347
2000300002 89 22 0 22
2000300002 90 115 0 115
2000300002 91 110 0 110
2000300002 92 27 0 27
2000300002 93 60 0 60
2000300002 94 17 0 17
2000300002 95 348 0 348
2000300002 96 26 0 26
2000300002 97 179 0 179
2000300002 98 5 0 5
2000300002 99 21 0 21
2000300002 100 113 0 113
2000300002 101 151 0 151
2000300002 102 14 0 14
2000300002 103 519 2 521
2000300002 104 9 0 9
2000300002 105 40 0 40
2000300002 106 18 0 18
2000300002 107 178 1 179
2000300002 108 53 0 53
2000300002 109 2 0 2
2000300002 110 8 0 8
2000300002 111 45 0 45
2000300002 112 23 0 23
2000300002 113 31 0 31
2000300002 114 14 0 14
2000300002 115 6 0 6
2000300002 116 27 0 27
2000300002 117 314 0 314
2000300002 118 9 0 9
2000300002 119 201 0 201
2000300002 120 7 0 7
2000300002 121 4 0 4
2000300002 122 47 0 47
2000300002 124 42 0 42
2000300002 125 225 0 225
2000300002 126 213 0 213
2000300002 127 79 0 79
2000400002 0 207 0 207
2000400002 1 244 0 244
2000400002 2 39 0 39
2000400002 4 81 0 81
2000400002 5 48 0 48
2000400002 6 32 0 32
2000400002 7 8 0 8
2000400002 8 76 0 76
2000400002 9 31 0 31
2000400002 10 271 0 271
2000400002 11 387 0 387
2000400002 12 118 0 118
2000400002 13 15 0 15
2000400002 14 88 0 88
2000400002 15 267 0 267
2000400002 16 292 0 292
2000400002 17 101 0 101
2000400002 18 6 0 6
2000400002 19 247 0 247
2000400002 20 30 0 30
2000400002 21 144 0 144
2000400002 22 38 0 38
2000400002 23 43 0 43
2000400002 24 296 0 296
2000400002 25 96 0 96
2000400002 26 30 0 30
2000400002 27 252 0 252
2000400002 28 40 0 40
2000400002 29 82 0 82
2000400002 30 29 0 29
2000400002 31 34 0 34
2000400002 32 131 1 132
2000400002 33 113 0 113
2000400002 34 73 0 73
2000400002 35 90 0 90
2000400002 36 37 0 37
2000400002 37 54 0 54
2000400002 38 5 0 5
2000400002 39 12 0 12
2000400002 40 56 0 56
2000400002 41 96 0 96
2000400002 42 46 0 46
2000400002 43 15 0 15
2000400002 44 28 0 28
2000400002 45 16 0 16
2000400002 46 120 0 120
2000400002 47 198 42 237
2000400002 48 24 0 24
2000400002 49 44 0 44
2000400002 50 35 0 35
2000400002 51 88 0 88
2000400002 52 399 0 399
2000400002 53 138 0 138
2000400002 54 23 0 23
2000400002 55 114 0 114
2000400002 56 50 0 50
2000400002 57 49 0 49
2000400002 58 342 0 342
2000400002 59 4 0 4
2000400002 60 143 0 143
2000400002 61 28 0 28
2000400002 62 14 0 14
2000400002 63 14 0 14
2000400002 64 15 0 15
2000400002 65 16 0 16
2000400002 66 8 0 8
2000400002 67 27 0 27
2000400002 68 32 0 32
2000400002 69 130 0 130
2000400002 70 89 0 89
2000400002 71 8 0 8
2000400002 72 43 0 43
2000400002 73 166 0 166
2000400002 74 396 0 396
2000400002 75 64 0 64
2000400002 76 354 0 354
2000400002 77 43 0 43
2000400002 78 48 0 48
2000400002 79 48 0 48
2000400002 80 8 0 8
2000400002 81 108 0 108
2000400002 82 388 0 388
2000400002 83 17 9 26
2000400002 84 161 1 162
2000400002 85 140 0 140
2000400002 86 6 0 6
2000400002 87 229 0 229
2000400002 88 80 0 80
2000400002 89 6 1 7
2000400002 90 14 5 19
2000400002 92 9 0 9
2000400002 93 16 0 16
2000400002 95 223 0 223
2000400002 96 467 0 467
2000400002 97 25 0 25
2000400002 99 8 0 8
2000400002 100 57 0 57
2000400002 101 16 0 16
2000400002 102 19 0 19
2000400002 103 5 0 5
2000400002 104 30 0 30
2000400002 106 7 0 7
2000400002 107 110 0 110
2000400002 108 122 0 122
2000400002 109 2 0 2
2000400002 110 24 0 24
2000400002 111 5 0 5
2000400002 112 103 0 103
2000400002 113 72 0 72
2000400002 114 82 0 82
2000400002 115 13 0 13
2000400002 116 47 0 47
2000400002 117 293 0 293
2000400002 118 12 0 12
2000400002 119 253 0 253
2000400002 120 24 0 24
2000400002 121 205 0 205
2000400002 122 65 0 65
2000400002 123 66 0 66
2000400002 124 23 0 23
2000400002 125 94 0 94
2000400002 126 124 0 124
2000400002 127 154 0 154
2000500002 0 55 0 55
2000500002 1 120 0 120
2000500002 2 225 0 225
2000500002 3 26 0 26
2000500002 4 35 0 35
2000500002 5 307 0 307
2000500002 6 92 0 92
2000500002 7 213 0 213
2000500002 8 56 0 56
2000500002 9 32 0 32
2000500002 10 239 0 239
2000500002 11 62 0 62
2000500002 12 119 0 119
2000500002 13 69 0 69
2000500002 14 392 0 392
2000500002 15 153 0 153
2000500002 16 384 1 385
2000500002 17 50 0 50
2000500002 18 29 0 29
2000500002 19 99 0 99
2000500002 20 12 0 12
2000500002 21 338 1 339
2000500002 22 45 0 45
2000500002 23 37 0 37
2000500002 24 401 0 401
2000500002 25 20 0 20
2000500002 26 9 0 9
2000500002 27 55 0 55
2000500002 28 129 0 129
2000500002 29 389 0 389
2000500002 30 327 0 327
2000500002 31 44 1 45
2000500002 32 112 0 112
2000500002 33 14 0 14
2000500002 34 25 0 25
2000500002 35 116 0 116
2000500002 36 135 0 135
2000500002 37 199 0 199
2000500002 38 12 0 12
2000500002 39 57 0 57
2000500002 40 7 0 7
2000500002 41 26 0 26
2000500002 42 94 0 94
2000500002 43 21 0 21
2000500002 44 7 0 7
2000500002 45 10 0 10
2000500002 46 109 0 109
2000500002 47 285 0 285
2000500002 48 21 0 21
2000500002 49 102 0 102
2000500002 50 36 0 36
2000500002 51 15 0 15
2000500002 52 429 0 429
2000500002 54 20 0 20
2000500002 55 390 19 409
2000500002 56 88 0 88
2000500002 57 82 28 110
2000500002 58 258 0 258
2000500002 60 26 0 26
2000500002 61 21 0 21
2000500002 62 34 0 34
2000500002 63 340 0 340
2000500002 64 31 0 31
2000500002 65 30 0 30
2000500002 66 54 0 54
2000500002 67 16 0 16
2000500002 68 25 0 25
2000500002 69 112 0 112
2000500002 70 68 1 69
2000500002 71 25 0 25
2000500002 72 5 0 5
2000500002 73 83 0 83
2000500002 74 37 0 37
2000500002 75 613 0 613
2000500002 76 662 1 663
2000500002 77 63 0 63
2000500002 78 307 0 307
2000500002 79 18 0 18
2000500002 81 1 0 1
2000500002 82 8 0 8
2000500002 83 1 0 1
2000500002 84 43 0 43
2000500002 85 12 0 12
2000500002 87 49 0 49
2000500002 88 1 0 1
2000500002 89 2 0 2
2000500002 93 5 0 5
2000500002 95 53 0 53
2000500002 96 358 1 359
2000500002 97 13 0 13
2000500002 98 14 0 14
2000500002 99 59 4 63
2000500002 100 112 1 113
2000500002 101 1 0 1
2000500002 102 519 0 519
2000500002 103 26 83 105
2000500002 104 36 80 116
2000500002 105 2 0 2
2000500002 106 35 0 35
2000500002 107 9 0 9
2000500002 108 31 0 31
2000500002 109 20 0 20
2000500002 110 2 0 2
2000500002 112 212 0 212
2000500002 113 90 0 90
2000500002 114 169 0 169
2000500002 115 31 0 31
2000500002 116 29 0 29
2000500002 117 48 0 48
2000500002 118 28 0 28
2000500002 119 71 0 71
2000500002 120 34 0 34
2000500002 121 20 0 20
2000500002 122 7 0 7
2000500002 123 14 0 14
2000500002 124 53 0 53
2000500002 125 60 0 60
2000500002 126 12 0 12
2000500002 127 215 0 215
2000600002 0 318 83 329
2000600002 1 177 0 177
2000600002 2 85 0 85
2000600002 3 43 0 43
2000600002 4 101 0 101
2000600002 5 198 0 198
2000600002 6 35 1 36
2000600002 7 372 1 373
2000600002 8 140 0 140
2000600002 9 43 0 43
2000600002 10 403 0 403
2000600002 11 102 0 102
2000600002 12 36 0 36
2000600002 13 254 0 254
2000600002 14 22 0 22
2000600002 15 195 0 195
2000600002 16 260 0 260
2000600002 17 12 0 12
2000600002 18 152 0 152
2000600002 19 42 0 42
2000600002 20 106 0 106
2000600002 21 59 0 59
2000600002 22 102 0 102
2000600002 23 81 0 81
2000600002 24 416 0 416
2000600002 25 21 0 21
2000600002 26 13 0 13
2000600002 27 133 0 133
2000600002 28 76 0 76
2000600002 29 307 0 307
2000600002 30 93 0 93
2000600002 31 112 0 112
2000600002 33 29 0 29
2000600002 34 16 0 16
2000600002 36 3 0 3
2000600002 37 29 0 29
2000600002 38 71 0 71
2000600002 39 3 0 3
2000600002 40 17 0 17
2000600002 42 18 0 18
2000600002 43 1 0 1
2000600002 45 12 0 12
2000600002 46 1 0 1
2000600002 47 1 0 1
2000600002 48 147 0 147
2000600002 49 228 1 229
2000600002 50 22 0 22
2000600002 51 19 0 19
2000600002 52 229 1 230
2000600002 53 58 0 58
2000600002 54 89 0 89
2000600002 55 533 1 534
2000600002 56 5 0 5
2000600002 57 296 0 296
2000600002 58 13 0 13
2000600002 59 39 0 39
2000600002 60 53 0 53
2000600002 62 124 2 126
2000600002 63 344 0 344
2000600002 64 12 0 12
2000600002 65 11 0 11
2000600002 66 52 0 52
2000600002 67 1 0 1
2000600002 68 17 0 17
2000600002 69 9 0 9
2000600002 70 9 0 9
2000600002 71 7 0 7
2000600002 72 7 0 7
2000600002 73 6 1 7
2000600002 75 243 1 244
2000600002 76 485 0 485
2000600002 77 110 0 110
2000600002 78 451 0 451
2000600002 79 15 0 15
2000600002 80 7 0 7
2000600002 81 14 0 14
2000600002 83 11 0 11
2000600002 85 118 0 118
2000600002 86 17 0 17
2000600002 87 16 0 16
2000600002 89 3 0 3
2000600002 92 4 0 4
2000600002 93 153 0 153
2000600002 94 1 0 1
2000600002 96 346 0 346
2000600002 97 157 0 157
2000600002 99 10 0 10
2000600002 100 17 0 17
2000600002 101 6 0 6
2000600002 102 15 0 15
2000600002 103 1 0 1
2000600002 104 5 0 5
2000600002 106 17 0 17
2000600002 107 4 0 4
2000600002 108 17 0 17
2000600002 112 199 0 199
2000600002 113 20 0 20
2000600002 114 46 0 46
2000600002 115 8 0 8
2000600002 116 49 0 49
2000600002 117 109 0 109
2000600002 118 16 0 16
2000600002 119 8 0 8
2000600002 120 65 0 65
2000600002 121 10 0 10
2000600002 122 10 0 10
2000600002 123 22 0 22
2000600002 124 4 0 4
2000600002 125 117 0 117
2000600002 126 11 0 11
2000600002 127 4 0 4
2000700002 0 77 0 77
2000700002 1 100 0 100
2000700002 2 32 0 32
2000700002 3 13 0 13
2000700002 4 54 0 54
2000700002 5 176 0 176
2000700002 6 7 0 7
2000700002 7 77 0 77
2000700002 8 504 0 504
2000700002 9 10 0 10
2000700002 10 52 0 52
2000700002 11 91 1 92
2000700002 12 38 2 40
2000700002 13 430 0 430
2000700002 14 14 0 14
2000700002 15 12 0 12
2000700002 16 95 0 95
2000700002 17 34 0 34
2000700002 18 2 0 2
2000700002 19 27 0 27
2000700002 20 446 0 446
2000700002 21 4 0 4
2000700002 22 94 0 94
2000700002 23 35 0 35
2000700002 24 115 0 115
2000700002 25 4 0 4
2000700002 26 44 0 44
2000700002 27 281 0 281
2000700002 28 2 0 2
2000700002 29 64 0 64
2000700002 30 25 0 25
2000700002 31 23 0 23
2000700002 32 5 0 5
2000700002 33 2 0 2
2000700002 34 0 61 61
2000700002 35 18 1 19
2000700002 36 3 0 3
2000700002 37 3 0 3
2000700002 38 35 0 35
2000700002 39 11 0 11
2000700002 40 34 0 34
2000700002 41 292 0 292
2000700002 43 2 0 2
2000700002 44 53 1 54
2000700002 45 7 0 7
2000700002 46 15 9 24
2000700002 48 158 0 158
2000700002 49 504 2 506
2000700002 50 10 0 10
2000700002 51 53 0 53
2000700002 52 257 0 257
2000700002 53 37 0 37
2000700002 54 237 0 237
2000700002 55 14 0 14
2000700002 56 240 0 240
2000700002 57 28 0 28
2000700002 58 8 0 8
2000700002 59 467 0 467
2000700002 60 39 0 39
2000700002 61 27 0 27
2000700002 62 73 0 73
2000700002 63 93 0 93
2000700002 64 127 0 127
2000700002 65 85 0 85
2000700002 66 7 0 7
2000700002 67 103 0 103
2000700002 68 9 0 9
2000700002 69 1 0 1
2000700002 70 15 0 15
2000700002 71 137 0 137
2000700002 72 3 0 3
2000700002 73 116 0 116
2000700002 74 31 0 31
2000700002 75 113 1 114
2000700002 76 288 0 288
2000700002 77 4 0 4
2000700002 78 49 7 56
2000700002 79 18 0 18
2000700002 80 20 0 20
2000700002 81 275 0 275
2000700002 82 11 0 11
2000700002 83 37 0 37
2000700002 85 442 0 442
2000700002 86 107 0 107
2000700002 87 28 0 28
2000700002 88 147 0 147
2000700002 89 13 0 13
2000700002 91 94 3 97
2000700002 92 15 14 29
2000700002 93 14 0 14
2000700002 94 2 0 2
2000700002 96 22 0 22
2000700002 97 182 0 182
2000700002 98 52 0 52
2000700002 99 52 0 52
2000700002 100 53 0 53
2000700002 102 13 0 13
2000700002 103 80 0 80
2000700002 104 133 0 133
2000700002 106 15 0 15
2000700002 107 177 0 177
2000700002 108 54 0 54
2000700002 110 120 0 120
2000700002 111 19 0 19
2000700002 112 30 0 30
2000700002 113 3 0 3
2000700002 114 14 0 14
2000700002 115 3 0 3
2000700002 116 11 0 11
2000700002 117 298 0 298
2000700002 118 6 0 6
2000700002 119 138 0 138
2000700002 120 147 0 147
2000700002 121 33 0 33
2000700002 122 34 0 34
2000700002 123 12 0 12
2000700002 124 36 0 36
2000700002 125 284 0 284
2000700002 126 37 0 37
2000700002 127 10 0 10
2000800002 0 18 0 18
2000800002 1 85 5 90
2000800002 3 9 1 10
2000800002 4 163 3 163
2000800002 5 119 6 119
2000800002 6 28 0 28
2000800002 7 20 0 20
2000800002 8 167 0 167
2000800002 9 20 0 20
2000800002 10 35 0 35
2000800002 11 295 0 295
2000800002 12 7 13 20
2000800002 13 65 0 65
2000800002 14 11 0 11
2000800002 15 11 0 11
2000800002 16 316 0 316
2000800002 17 14 0 14
2000800002 18 36 0 36
2000800002 19 718 0 718
2000800002 20 134 0 134
2000800002 21 125 0 125
2000800002 22 6 0 6
2000800002 23 176 0 176
2000800002 24 4 0 4
2000800002 25 140 0 140
2000800002 26 36 0 36
2000800002 27 177 0 177
2000800002 28 13 0 13
2000800002 29 5 0 5
2000800002 30 2 0 2
2000800002 31 70 0 70
2000800002 33 1 1 2
2000800002 34 1 0 1
2000800002 36 1 0 1
2000800002 39 2 0 2
2000800002 41 4 0 4
2000800002 42 2 0 2
2000800002 43 2 2 4
2000800002 44 16 5 21
2000800002 45 25 39 64
2000800002 46 0 13 13
2000800002 47 2 4 6
2000800002 48 11 1 11
2000800002 49 175 0 175
2000800002 50 224 1 225
2000800002 51 34 0 34
2000800002 52 31 0 31
2000800002 53 192 0 192
2000800002 54 79 14 80
2000800002 55 79 0 79
2000800002 56 173 0 173
2000800002 57 21 2 21
2000800002 58 14 0 14
2000800002 59 176 0 176
2000800002 60 5 0 5
2000800002 61 5 0 5
2000800002 62 98 1 98
2000800002 63 1 0 1
2000800002 64 100 0 100
2000800002 65 8 0 8
2000800002 66 53 0 53
2000800002 67 21 0 21
2000800002 68 19 0 19
2000800002 69 29 0 29
2000800002 70 113 0 113
2000800002 71 118 5 118
2000800002 72 67 0 67
2000800002 73 83 0 83
2000800002 74 7 0 7
2000800002 75 63 0 63
2000800002 76 533 5 533
2000800002 77 3 0 3
2000800002 78 33 0 33
2000800002 79 59 0 59
2000800002 80 14 0 14
2000800002 81 283 0 283
2000800002 82 8 0 8
2000800002 83 55 0 55
2000800002 84 7 0 7
2000800002 85 204 0 204
2000800002 86 7 0 7
2000800002 87 54 0 54
2000800002 88 160 0 160
2000800002 89 18 0 18
2000800002 90 10 0 10
2000800002 91 230 1 231
2000800002 92 12 0 12
2000800002 93 1 0 1
2000800002 95 43 0 43
2000800002 96 1 0 1
2000800002 97 21 0 21
2000800002 98 2 0 2
2000800002 99 23 20 36
2000800002 100 43 28 63
2000800002 101 8 0 8
2000800002 102 122 7 124
2000800002 103 277 0 277
2000800002 104 104 0 104
2000800002 105 5 0 5
2000800002 106 31 0 31
2000800002 107 270 0 270
2000800002 108 41 0 41
2000800002 109 1 0 1
2000800002 110 27 0 27
2000800002 111 39 1 39
2000800002 112 17 0 17
2000800002 113 63 0 63
2000800002 114 10 0 10
2000800002 115 12 0 12
2000800002 116 313 0 313
2000800002 117 144 0 144
2000800002 118 162 5 162
2000800002 119 305 0 305
2000800002 120 158 0 158
2000800002 121 7 0 7
2000800002 122 11 0 11
2000800002 123 17 0 17
2000800002 124 145 0 145
2000800002 125 510 1 511
2000800002 126 50 0 50
2000800002 127 18 0 18
2000900002 0 2 1 2
2000900002 1 9 2 9
2000900002 2 171 0 171
2000900002 3 55 0 55
2000900002 4 186 0 186
2000900002 5 2 2 2
2000900002 6 113 0 113
2000900002 7 1 0 1
2000900002 8 1 0 1
2000900002 9 68 2 68
2000900002 10 8 0 8
2000900002 11 29 5 30
2000900002 12 57 6 57
2000900002 13 292 1 292
2000900002 14 12 0 12
2000900002 15 4 0 4
2000900002 16 58 0 58
2000900002 17 6 0 6
2000900002 18 40 0 40
2000900002 19 164 1 165
2000900002 20 68 0 68
2000900002 21 44 0 44
2000900002 22 126 0 126
2000900002 23 29 0 29
2000900002 24 15 0 15
2000900002 25 98 0 98
2000900002 26 65 0 65
2000900002 27 165 0 165
2000900002 28 20 0 20
2000900002 29 277 0 277
2000900002 30 39 0 39
2000900002 31 32 0 32
2000900002 32 1 0 1
2000900002 33 1 0 1
2000900002 34 1 6 7
2000900002 35 39 0 39
2000900002 36 65 1 66
2000900002 37 14 0 14
2000900002 38 5 0 5
2000900002 40 6 6 12
2000900002 41 1 0 1
2000900002 43 7 0 7
2000900002 44 1 0 1
2000900002 45 5 0 5
2000900002 46 2 27 29
2000900002 47 13 38 51
2000900002 48 313 0 313
2000900002 49 59 0 59
2000900002 50 9 0 9
2000900002 51 63 1 64
2000900002 52 300 0 300
2000900002 53 36 4 40
2000900002 54 225 11 225
2000900002 55 251 0 251
2000900002 56 137 0 137
2000900002 57 9 0 9
2000900002 58 66 8 66
2000900002 59 206 1 207
2000900002 60 51 0 51
2000900002 61 18 19 37
2000900002 62 41 0 41
2000900002 63 428 0 428
2000900002 64 13 0 13
2000900002 65 223 0 223
2000900002 66 86 0 86
2000900002 67 345 0 345
2000900002 68 60 10 60
2000900002 69 15 0 15
2000900002 70 96 0 96
2000900002 71 214 1 214
2000900002 72 21 0 21
2000900002 73 29 0 29
2000900002 74 69 0 69
2000900002 75 18 0 18
2000900002 76 371 2 372
2000900002 77 89 1 89
2000900002 78 30 0 30
2000900002 79 21 0 21
2000900002 81 209 1 210
2000900002 82 32 0 32
2000900002 83 326 0 326
2000900002 84 179 0 179
2000900002 85 33 0 33
2000900002 86 13 0 13
2000900002 87 4 0 4
2000900002 88 196 0 196
2000900002 90 20 0 20
2000900002 91 29 0 29
2000900002 92 13 0 13
2000900002 93 2 0 2
2000900002 94 70 0 70
2000900002 95 35 0 35
2000900002 96 53 0 53
2000900002 97 2 0 2
2000900002 98 94 0 94
2000900002 99 13 13 15
2000900002 100 29 15 32
2000900002 101 13 6 13
2000900002 102 0 5 5
2000900002 103 301 0 301
2000900002 104 56 0 56
2000900002 105 22 0 22
2000900002 106 53 0 53
2000900002 107 276 0 276
2000900002 108 37 11 37
2000900002 109 20 3 23
2000900002 110 50 7 53
2000900002 111 308 0 308
2000900002 112 39 0 39
2000900002 113 263 59 307
2000900002 114 25 0 25
2000900002 115 46 0 46
2000900002 116 21 0 21
2000900002 117 133 0 133
2000900002 118 155 51 171
2000900002 119 264 0 264
2000900002 120 257 1 257
2000900002 121 25 0 25
2000900002 122 20 0 20
2000900002 123 43 0 43
2000900002 124 216 0 216
2000900002 125 289 2 290
2000900002 126 32 0 32
2000900002 127 23 0 23
2001000002 0 15 0 15
2001000002 1 7 3 7
2001000002 3 20 0 20
2001000002 4 15 0 15
2001000002 5 7 2 7
2001000002 6 80 0 80
2001000002 7 1 0 1
2001000002 8 8 0 8
2001000002 10 2 0 2
2001000002 12 2 0 2
2001000002 13 4 0 4
2001000002 14 1 0 1
2001000002 15 27 0 27
2001000002 16 112 0 112
2001000002 17 167 4 170
2001000002 18 41 0 41
2001000002 19 16 0 16
2001000002 20 3 0 3
2001000002 21 171 1 172
2001000002 22 28 0 28
2001000002 23 2 0 2
2001000002 24 1 0 1
2001000002 25 191 0 191
2001000002 26 191 7 198
2001000002 27 2 0 2
2001000002 28 23 2 25
2001000002 29 134 1 135
2001000002 30 6 0 6
2001000002 31 10 0 10
2001000002 32 28 0 28
2001000002 33 5 0 5
2001000002 34 225 4 227
2001000002 36 2 2 4
2001000002 37 32 0 32
2001000002 38 14 0 14
2001000002 39 4 0 4
2001000002 40 53 0 53
2001000002 41 8 0 8
2001000002 42 180 0 180
2001000002 43 21 1 22
2001000002 44 19 0 19
2001000002 45 15 0 15
2001000002 46 62 25 78
2001000002 47 176 0 176
2001000002 48 90 0 90
2001000002 49 32 0 32
2001000002 50 1 0 1
2001000002 51 1 0 1
2001000002 52 21 0 21
2001000002 53 6 0 6
2001000002 54 156 15 156
2001000002 55 86 0 86
2001000002 56 41 0 41
2001000002 57 23 0 23
2001000002 58 26 21 27
2001000002 59 9 0 9
2001000002 60 2 0 2
2001000002 61 5 0 5
2001000002 62 118 0 118
2001000002 63 65 0 65
2001000002 64 32 0 32
2001000002 65 99 1 100
2001000002 66 24 0 24
2001000002 67 159 0 159
2001000002 68 20 17 21
2001000002 69 172 0 172
2001000002 70 313 0 313
2001000002 71 18 0 18
2001000002 72 57 0 57
2001000002 73 47 0 47
2001000002 74 17 0 17
2001000002 75 17 0 17
2001000002 76 518 3 519
2001000002 77 19 0 19
2001000002 78 45 0 45
2001000002 79 13 0 13
2001000002 80 8 0 8
2001000002 81 119 0 119
2001000002 82 21 0 21
2001000002 83 388 1 389
2001000002 84 92 0 92
2001000002 85 8 0 8
2001000002 86 8 0 8
2001000002 87 40 0 40
2001000002 88 177 0 177
2001000002 89 51 0 51
2001000002 90 369 0 369
2001000002 91 15 0 15
2001000002 93 91 0 91
2001000002 94 384 0 384
2001000002 95 9 0 9
2001000002 96 182 0 182
2001000002 97 67 0 67
2001000002 98 27 0 27
2001000002 99 53 19 54
2001000002 100 23 16 24
2001000002 101 7 0 7
2001000002 102 84 0 84
2001000002 103 174 0 174
2001000002 104 130 0 130
2001000002 105 55 0 55
2001000002 106 40 0 40
2001000002 107 350 1 351
2001000002 108 60 0 60
2001000002 109 1 0 1
2001000002 110 14 0 14
2001000002 111 42 0 42
2001000002 112 143 0 143
2001000002 113 47 0 47
2001000002 114 46 0 46
2001000002 115 257 0 257
2001000002 116 22 0 22
2001000002 117 7 0 7
2001000002 118 56 0 56
2001000002 119 132 3 133
2001000002 120 31 0 31
2001000002 121 121 0 121
2001000002 122 33 0 33
2001000002 123 171 0 171
2001000002 124 151 0 151
2001000002 125 268 0 268
2001000002 126 19 0 19
2001000002 127 268 0 268
2001100002 0 273 1 274
2001100002 1 3 2 5
2001100002 2 8 0 8
2001100002 3 88 0 88
2001100002 5 331 2 333
2001100002 6 123 0 123
2001100002 7 17 0 17
2001100002 8 32 0 32
2001100002 9 1 0 1
2001100002 10 36 22 58
2001100002 11 29 0 29
2001100002 12 15 0 15
2001100002 13 6 0 6
2001100002 15 36 0 36
2001100002 16 103 2 105
2001100002 17 206 3 208
2001100002 18 3 0 3
2001100002 19 172 1 173
2001100002 21 57 4 61
2001100002 22 22 1 23
2001100002 24 109 0 109
2001100002 25 362 1 363
2001100002 26 119 1 120
2001100002 27 46 0 46
2001100002 28 37 2 39
2001100002 29 17 0 17
2001100002 30 19 0 19
2001100002 31 65 0 65
2001100002 32 1 0 1
2001100002 33 4 0 4
2001100002 34 161 0 161
2001100002 35 18 0 18
2001100002 36 91 0 91
2001100002 37 17 0 17
2001100002 38 11 0 11
2001100002 39 30 0 30
2001100002 40 156 5 161
2001100002 41 33 0 33
2001100002 42 179 0 179
2001100002 43 153 0 153
2001100002 44 31 0 31
2001100002 45 17 0 17
2001100002 46 46 1 47
2001100002 47 85 9 94
2001100002 48 103 0 103
2001100002 49 26 0 26
2001100002 50 1 0 1
2001100002 51 66 0 66
2001100002 52 7 0 7
2001100002 53 92 0 92
2001100002 54 15 0 15
2001100002 55 136 0 136
2001100002 56 2 0 2
2001100002 57 249 0 249
2001100002 58 10 5 14
2001100002 59 49 1 50
2001100002 61 243 0 243
2001100002 62 157 0 157
2001100002 63 44 0 44
2001100002 64 11 0 11
2001100002 65 1 0 1
2001100002 67 1 0 1
2001100002 68 10 6 16
2001100002 69 239 0 239
2001100002 70 71 0 71
2001100002 71 22 0 22
2001100002 72 241 0 241
2001100002 73 358 0 358
2001100002 74 136 0 136
2001100002 75 13 0 13
2001100002 76 345 0 345
2001100002 77 39 0 39
2001100002 78 131 0 131
2001100002 79 7 0 7
2001100002 80 101 0 101
2001100002 81 14 0 14
2001100002 82 103 0 103
2001100002 83 13 1 14
2001100002 84 1 0 1
2001100002 85 70 0 70
2001100002 87 43 0 43
2001100002 88 137 0 137
2001100002 89 43 0 43
2001100002 90 423 0 423
2001100002 91 4 0 4
2001100002 92 26 0 26
2001100002 93 217 0 217
2001100002 94 13 1 14
2001100002 95 183 2 185
2001100002 96 3 0 3
2001100002 97 2 0 2
2001100002 98 5 0 5
2001100002 99 42 1 43
2001100002 100 6 0 6
2001100002 101 6 0 6
2001100002 102 145 0 145
2001100002 103 39 3 42
2001100002 104 2 0 2
2001100002 105 7 0 7
2001100002 106 48 0 48
2001100002 107 6 0 6
2001100002 108 7 2 9
2001100002 109 3 0 3
2001100002 110 35 0 35
2001100002 112 89 0 89
2001100002 113 4 1 5
2001100002 114 178 0 178
2001100002 115 144 0 144
2001100002 116 255 1 256
2001100002 117 5 0 5
2001100002 118 43 0 43
2001100002 119 39 3 42
2001100002 120 6 0 6
2001100002 121 350 0 350
2001100002 122 2 0 2
2001100002 124 10 1 11
2001100002 125 58 1 59
2001100002 126 3 0 3
2001100002 127 428 0 428
2001200002 0 74 0 74
2001200002 1 19 0 19
2001200002 3 70 4 74
2001200002 4 14 0 14
2001200002 5 36 0 36
2001200002 6 1 0 1
2001200002 7 251 0 251
2001200002 8 15 0 15
2001200002 9 4 0 4
2001200002 10 384 0 384
2001200002 11 242 0 242
2001200002 12 243 0 243
2001200002 13 63 0 63
2001200002 14 13 0 13
2001200002 15 213 0 213
2001200002 16 4 0 4
2001200002 17 29 0 29
2001200002 18 28 0 28
2001200002 19 65 0 65
2001200002 21 25 0 25
2001200002 22 9 0 9
2001200002 23 39 0 39
2001200002 24 69 0 69
2001200002 25 4 0 4
2001200002 27 6 0 6
2001200002 28 9 0 9
2001200002 29 4 0 4
2001200002 30 5 0 5
2001200002 31 62 0 62
2001200002 32 25 0 25
2001200002 33 50 0 50
2001200002 34 14 0 14
2001200002 36 145 1 146
2001200002 37 75 0 75
2001200002 38 17 0 17
2001200002 39 414 0 414
2001200002 40 16 0 16
2001200002 41 106 0 106
2001200002 42 30 0 30
2001200002 43 35 0 35
2001200002 44 110 0 110
2001200002 45 46 0 46
2001200002 46 30 0 30
2001200002 47 119 0 119
2001200002 48 13 0 13
2001200002 49 33 43 74
2001200002 50 73 0 73
2001200002 51 37 0 37
2001200002 52 291 0 291
2001200002 53 176 0 176
2001200002 54 33 68 98
2001200002 55 196 0 196
2001200002 56 122 0 122
2001200002 57 176 0 176
2001200002 58 13 0 13
2001200002 59 14 0 14
2001200002 60 38 0 38
2001200002 61 3 0 3
2001200002 62 14 0 14
2001200002 63 1 0 1
2001200002 64 25 0 25
2001200002 65 41 0 41
2001200002 66 35 0 35
2001200002 67 81 0 81
2001200002 68 114 2 116
2001200002 69 48 0 48
2001200002 70 6 0 6
2001200002 71 76 0 76
2001200002 72 59 1 60
2001200002 73 197 0 197
2001200002 74 76 0 76
2001200002 75 34 0 34
2001200002 76 371 3 373
2001200002 77 284 2 286
2001200002 78 331 4 335
2001200002 79 90 0 90
2001200002 80 29 0 29
2001200002 81 138 0 138
2001200002 82 13 0 13
2001200002 83 86 0 86
2001200002 84 0 6 6
2001200002 85 109 0 109
2001200002 86 6 0 6
2001200002 87 355 0 355
2001200002 88 7 0 7
2001200002 89 154 0 154
2001200002 90 6 0 6
2001200002 91 18 0 18
2001200002 92 2 0 2
2001200002 93 6 0 6
2001200002 95 21 0 21
2001200002 96 121 0 121
2001200002 97 29 0 29
2001200002 98 35 1 36
2001200002 99 8 4 12
2001200002 101 48 0 48
2001200002 102 14 0 14
2001200002 103 2 0 2
2001200002 104 19 0 19
2001200002 105 9 0 9
2001200002 106 319 0 319
2001200002 107 12 0 12
2001200002 108 37 0 37
2001200002 109 110 5 113
2001200002 110 40 0 40
2001200002 112 10 0 10
2001200002 113 109 0 109
2001200002 114 101 0 101
2001200002 115 17 0 17
2001200002 116 43 0 43
2001200002 117 133 0 133
2001200002 118 22 0 22
2001200002 119 38 0 38
2001200002 120 9 0 9
2001200002 121 186 0 186
2001200002 122 81 0 81
2001200002 123 55 0 55
2001200002 124 23 0 23
2001200002 125 12 0 12
2001200002 126 99 0 99
2001200002 127 9 0 9
2001300002 0 8 0 8
2001300002 1 5 0 5
2001300002 2 3 0 3
2001300002 3 161 0 161
2001300002 4 97 0 97
2001300002 5 4 0 4
2001300002 6 22 1 23
2001300002 7 36 0 36
2001300002 8 176 0 176
2001300002 9 33 0 33
2001300002 10 2 0 2
2001300002 11 244 0 244
2001300002 12 38 1 39
2001300002 13 14 1 15
2001300002 14 200 0 200
2001300002 15 7 1 8
2001300002 16 238 1 239
2001300002 17 36 0 36
2001300002 18 31 0 31
2001300002 19 32 0 32
2001300002 20 3 0 3
2001300002 21 29 0 29
2001300002 22 212 1 213
2001300002 23 108 2 110
2001300002 24 9 0 9
2001300002 25 7 0 7
2001300002 26 9 0 9
2001300002 27 12 0 12
2001300002 28 7 0 7
2001300002 29 63 0 63
2001300002 30 43 0 43
2001300002 31 103 0 103
2001300002 32 22 0 22
2001300002 33 137 0 137
2001300002 34 91 0 91
2001300002 36 95 0 95
2001300002 37 86 3 89
2001300002 38 2 0 2
2001300002 39 235 86 319
2001300002 40 13 0 13
2001300002 41 2 0 2
2001300002 43 51 0 51
2001300002 44 52 69 119
2001300002 45 335 0 335
2001300002 46 16 0 16
2001300002 47 287 0 287
2001300002 48 3 0 3
2001300002 49 103 0 103
2001300002 50 422 0 422
2001300002 51 83 3 86
2001300002 52 71 0 71
2001300002 53 63 0 63
2001300002 54 284 2 286
2001300002 55 281 0 281
2001300002 56 21 0 21
2001300002 57 27 0 27
2001300002 58 11 1 12
2001300002 59 116 1 117
2001300002 60 5 0 5
2001300002 61 104 0 104
2001300002 62 23 0 23
2001300002 63 11 0 11
2001300002 64 126 0 126
2001300002 65 18 0 18
2001300002 66 17 0 17
2001300002 67 3 0 3
2001300002 68 5 0 5
2001300002 69 1 0 1
2001300002 70 6 0 6
2001300002 71 34 0 34
2001300002 72 12 0 12
2001300002 73 227 0 227
2001300002 74 107 0 107
2001300002 75 160 0 160
2001300002 76 272 0 272
2001300002 77 39 0 39
2001300002 78 45 0 45
2001300002 79 456 0 456
2001300002 81 22 0 22
2001300002 82 4 0 4
2001300002 83 1 0 1
2001300002 84 0 3 3
2001300002 85 14 0 14
2001300002 86 1 0 1
2001300002 88 59 0 59
2001300002 90 58 0 58
2001300002 91 5 2 7
2001300002 94 28 0 28
2001300002 96 69 0 69
2001300002 97 14 0 14
2001300002 98 24 0 24
2001300002 99 147 0 147
2001300002 100 17 0 17
2001300002 101 151 0 151
2001300002 102 192 0 192
2001300002 103 10 0 10
2001300002 104 79 0 79
2001300002 105 109 0 109
2001300002 106 25 1 26
2001300002 107 24 0 24
2001300002 108 38 0 38
2001300002 109 38 1 38
2001300002 110 93 0 93
2001300002 111 14 0 14
2001300002 112 11 0 11
2001300002 113 69 20 89
2001300002 114 18 0 18
2001300002 115 25 0 25
2001300002 116 16 0 16
2001300002 117 113 0 113
2001300002 118 101 0 101
2001300002 119 12 0 12
2001300002 120 28 0 28
2001300002 121 42 0 42
2001300002 122 15 0 15
2001300002 123 58 0 58
2001300002 124 112 22 134
2001300002 125 51 1 52
2001300002 126 351 0 351
2001300002 127 28 0 28
2001400002 0 138 0 138
2001400002 1 37 0 37
2001400002 2 1 0 1
2001400002 3 291 4 295
2001400002 4 356 99 394
2001400002 5 28 0 28
2001400002 6 142 0 142
2001400002 7 116 0 116
2001400002 8 45 0 45
2001400002 9 10 0 10
2001400002 10 51 1 52
2001400002 11 253 4 257
2001400002 12 13 0 13
2001400002 13 15 0 15
2001400002 14 158 1 159
2001400002 15 8 2 10
2001400002 16 23 0 23
2001400002 17 34 0 34
2001400002 18 5 0 5
2001400002 19 29 0 29
2001400002 20 84 0 84
2001400002 21 285 0 285
2001400002 22 422 8 430
2001400002 23 73 0 73
2001400002 24 59 2 61
2001400002 25 7 25 29
2001400002 26 107 0 107
2001400002 27 22 28 44
2001400002 28 17 1 18
2001400002 29 475 0 475
2001400002 30 287 0 287
2001400002 31 0 1 1
2001400002 32 15 0 15
2001400002 33 32 23 55
2001400002 34 24 0 24
2001400002 35 9 0 9
2001400002 36 15 0 15
2001400002 37 33 0 33
2001400002 38 4 0 4
2001400002 39 110 0 110
2001400002 40 5 0 5
2001400002 41 9 10 19
2001400002 42 11 0 11
2001400002 43 25 2 25
2001400002 44 18 0 18
2001400002 45 122 3 123
2001400002 46 67 0 67
2001400002 47 42 3 42
2001400002 48 78 1 79
2001400002 49 158 2 160
2001400002 50 313 0 313
2001400002 51 134 0 134
2001400002 52 32 2 32
2001400002 53 280 0 280
2001400002 54 145 4 149
2001400002 55 167 8 175
2001400002 56 55 0 55
2001400002 57 29 0 29
2001400002 58 53 0 53
2001400002 59 664 10 674
2001400002 60 10 0 10
2001400002 61 97 1 98
2001400002 62 32 0 32
2001400002 63 3 1 4
2001400002 64 33 0 33
2001400002 65 3 0 3
2001400002 66 136 0 136
2001400002 67 16 0 16
2001400002 68 17 0 17
2001400002 69 132 0 132
2001400002 70 39 25 59
2001400002 71 170 0 170
2001400002 72 22 0 22
2001400002 73 288 0 288
2001400002 74 45 0 45
2001400002 75 279 9 287
2001400002 76 178 1 179
2001400002 77 159 0 159
2001400002 78 317 49 364
2001400002 79 281 0 281
2001400002 80 123 0 123
2001400002 81 197 0 197
2001400002 82 9 0 9
2001400002 83 67 0 67
2001400002 84 22 0 22
2001400002 85 49 0 49
2001400002 86 3 0 3
2001400002 88 59 34 93
2001400002 89 2 0 2
2001400002 90 68 0 68
2001400002 91 4 0 4
2001400002 92 19 0 19
2001400002 93 6 0 6
2001400002 94 44 0 44
2001400002 95 10 0 10
2001400002 96 20 0 20
2001400002 97 12 0 12
2001400002 98 37 0 37
2001400002 99 69 0 69
2001400002 100 88 0 88
2001400002 101 9 1 10
2001400002 102 250 4 254
2001400002 103 162 0 162
2001400002 104 16 0 16
2001400002 105 3 0 3
2001400002 106 13 0 13
2001400002 107 28 0 28
2001400002 108 34 0 34
2001400002 109 24 0 24
2001400002 110 67 0 67
2001400002 111 6 0 6
2001400002 112 2 0 2
2001400002 113 372 12 377
2001400002 114 2 0 2
2001400002 115 70 0 70
2001400002 116 27 0 27
2001400002 117 84 2 85
2001400002 118 598 0 598
2001400002 119 140 0 140
2001400002 120 38 0 38
2001400002 121 219 1 220
2001400002 122 29 0 29
2001400002 123 79 0 79
2001400002 124 205 0 205
2001400002 125 231 0 231
2001400002 126 27 0 27
2001400002 127 18 0 18
2001500002 0 137 2 139
2001500002 1 228 0 228
2001500002 2 10 0 10
2001500002 3 21 0 21
2001500002 4 167 0 167
2001500002 5 30 0 30
2001500002 6 215 0 215
2001500002 7 515 0 515
2001500002 8 16 2 18
2001500002 10 29 0 29
2001500002 11 56 1 57
2001500002 12 37 0 37
2001500002 13 93 0 93
2001500002 14 190 20 210
2001500002 15 37 2 39
2001500002 16 163 0 163
2001500002 19 238 0 238
2001500002 20 31 0 31
2001500002 21 43 0 43
2001500002 22 87 0 87
2001500002 23 11 0 11
2001500002 24 45 1 46
2001500002 25 4 7 11
2001500002 26 322 28 350
2001500002 27 14 7 21
2001500002 28 185 0 185
2001500002 29 48 0 48
2001500002 30 40 0 40
2001500002 31 38 0 38
2001500002 32 7 0 7
2001500002 33 37 30 67
2001500002 34 142 0 142
2001500002 35 11 0 11
2001500002 37 51 0 51
2001500002 38 5 0 5
2001500002 39 32 0 32
2001500002 40 144 0 144
2001500002 41 11 0 11
2001500002 42 190 0 190
2001500002 43 76 0 76
2001500002 44 15 0 15
2001500002 45 14 0 14
2001500002 46 8 0 8
2001500002 47 75 0 75
2001500002 48 193 0 193
2001500002 49 91 10 101
2001500002 50 489 1 490
2001500002 51 12 0 12
2001500002 52 2 0 2
2001500002 53 224 1 225
2001500002 54 102 10 112
2001500002 55 129 0 129
2001500002 56 46 0 46
2001500002 57 168 0 168
2001500002 58 17 0 17
2001500002 59 595 15 610
2001500002 60 4 0 4
2001500002 61 92 13 103
2001500002 62 146 0 146
2001500002 63 83 19 102
2001500002 64 25 0 25
2001500002 65 158 0 158
2001500002 66 98 0 98
2001500002 67 12 0 12
2001500002 68 43 0 43
2001500002 69 48 0 48
2001500002 70 27 0 27
2001500002 71 140 2 141
2001500002 72 33 0 33
2001500002 73 56 0 56
2001500002 74 166 0 166
2001500002 75 73 0 73
2001500002 76 20 1 21
2001500002 77 111 1 112
2001500002 78 335 4 338
2001500002 79 413 1 414
2001500002 80 282 0 282
2001500002 81 50 0 50
2001500002 82 21 0 21
2001500002 83 411 0 411
2001500002 84 43 0 43
2001500002 85 58 0 58
2001500002 86 30 0 30
2001500002 87 11 0 11
2001500002 88 167 0 167
2001500002 89 26 0 26
2001500002 90 17 0 17
2001500002 91 3 1 4
2001500002 92 19 0 19
2001500002 93 323 7 330
2001500002 94 199 5 204
2001500002 95 413 0 413
2001500002 96 9 0 9
2001500002 97 13 0 13
2001500002 98 21 0 21
2001500002 99 23 0 23
2001500002 100 9 0 9
2001500002 101 1 0 1
2001500002 102 14 0 14
2001500002 103 334 0 334
2001500002 104 21 0 21
2001500002 105 218 0 218
2001500002 106 90 0 90
2001500002 107 388 0 388
2001500002 108 83 0 83
2001500002 109 5 0 5
2001500002 110 6 0 6
2001500002 111 10 0 10
2001500002 112 6 0 6
2001500002 113 201 0 201
2001500002 114 4 0 4
2001500002 115 45 0 45
2001500002 116 31 0 31
2001500002 117 156 0 156
2001500002 118 739 0 739
2001500002 119 281 0 281
2001500002 120 22 1 23
2001500002 121 18 0 18
2001500002 122 9 0 9
2001500002 123 12 0 12
2001500002 124 585 0 585
2001500002 125 52 0 52
2001500002 126 38 0 38
2001600002 0 228 1 229
2001600002 1 49 0 49
2001600002 2 35 0 35
2001600002 3 48 2 50
2001600002 4 27 1 27
2001600002 5 9 0 9
2001600002 6 716 168 781
2001600002 7 95 6 101
2001600002 8 23 0 23
2001600002 9 293 0 293
2001600002 10 10 0 10
2001600002 11 9 0 9
2001600002 12 18 0 18
2001600002 13 5 0 5
2001600002 14 116 0 116
2001600002 15 94 1 95
2001600002 16 183 1 184
2001600002 18 139 0 139
2001600002 19 159 0 159
2001600002 20 0 6 6
2001600002 21 25 3 28
2001600002 22 179 3 182
2001600002 25 4 0 4
2001600002 26 2 3 5
2001600002 27 1 9 10
2001600002 28 6 1 7
2001600002 29 6 0 6
2001600002 30 0 2 2
2001600002 31 3 1 4
2001600002 32 11 0 11
2001600002 33 137 0 137
2001600002 34 740 0 740
2001600002 35 23 0 23
2001600002 36 21 0 21
2001600002 37 158 0 158
2001600002 38 29 0 29
2001600002 39 23 0 23
2001600002 40 193 0 193
2001600002 41 13 0 13
2001600002 42 260 18 278
2001600002 43 55 0 55
2001600002 44 68 0 68
2001600002 45 128 0 128
2001600002 46 434 19 453
2001600002 47 6 0 6
2001600002 48 367 0 367
2001600002 49 174 2 176
2001600002 50 215 0 215
2001600002 51 31 0 31
2001600002 52 114 5 119
2001600002 54 157 7 164
2001600002 55 34 1 34
2001600002 56 376 1 377
2001600002 57 17 0 17
2001600002 58 7 1 8
2001600002 59 145 0 145
2001600002 60 7 0 7
2001600002 61 129 3 132
2001600002 62 150 0 150
2001600002 63 24 0 24
2001600002 64 24 0 24
2001600002 65 104 0 104
2001600002 66 11 0 11
2001600002 67 65 0 65
2001600002 68 111 0 111
2001600002 69 11 0 11
2001600002 70 1 1 2
2001600002 71 8 0 8
2001600002 72 89 0 89
2001600002 73 41 17 53
2001600002 74 56 0 56
2001600002 75 8 0 8
2001600002 76 357 53 401
2001600002 77 62 1 63
2001600002 78 144 1 145
2001600002 79 196 0 196
2001600002 80 4 0 4
2001600002 81 200 0 200
2001600002 82 8 0 8
2001600002 83 111 11 118
2001600002 84 118 0 118
2001600002 85 49 0 49
2001600002 86 14 0 14
2001600002 87 220 0 220
2001600002 88 45 0 45
2001600002 89 2 0 2
2001600002 90 183 0 183
2001600002 91 32 0 32
2001600002 92 93 1 94
2001600002 93 32 0 32
2001600002 94 59 0 59
2001600002 95 263 12 272
2001600002 96 89 0 89
2001600002 97 18 0 18
2001600002 98 67 0 67
2001600002 99 8 1 9
2001600002 100 32 0 32
2001600002 101 12 0 12
2001600002 102 22 0 22
2001600002 103 168 1 169
2001600002 104 15 0 15
2001600002 106 70 0 70
2001600002 107 324 1 325
2001600002 108 2 0 2
2001600002 109 1 0 1
2001600002 110 67 0 67
2001600002 111 52 0 52
2001600002 112 7 0 7
2001600002 113 54 0 54
2001600002 114 11 0 11
2001600002 115 326 0 326
2001600002 116 14 0 14
2001600002 117 165 1 166
2001600002 118 329 2 331
2001600002 119 278 1 279
2001600002 120 120 3 123
2001600002 121 12 0 12
2001600002 122 9 0 9
2001600002 123 4 0 4
2001600002 124 141 1 142
2001600002 125 139 47 180
2001600002 126 15 0 15
2001600002 127 87 0 87
2001700002 0 38 0 38
2001700002 1 79 0 79
2001700002 2 38 0 38
2001700002 3 37 0 37
2001700002 4 22 1 22
2001700002 5 405 0 405
2001700002 6 325 0 325
2001700002 7 220 0 220
2001700002 8 189 0 189
2001700002 9 340 1 341
2001700002 10 87 0 87
2001700002 11 4 0 4
2001700002 12 25 0 25
2001700002 13 91 0 91
2001700002 14 43 0 43
2001700002 15 161 0 161
2001700002 16 442 3 445
2001700002 17 21 0 21
2001700002 18 133 1 134
2001700002 19 41 1 42
2001700002 20 2 3 5
2001700002 21 99 0 99
2001700002 22 124 0 124
2001700002 23 19 1 20
2001700002 24 16 0 16
2001700002 25 19 0 19
2001700002 26 165 0 165
2001700002 27 11 8 19
2001700002 28 70 5 75
2001700002 29 124 0 124
2001700002 31 54 0 54
2001700002 32 17 0 17
2001700002 33 446 0 446
2001700002 34 166 1 167
2001700002 35 31 0 31
2001700002 36 442 0 442
2001700002 37 86 0 86
2001700002 38 107 0 107
2001700002 39 27 0 27
2001700002 40 355 0 355
2001700002 41 7 0 7
2001700002 42 125 0 125
2001700002 43 82 0 82
2001700002 44 28 0 28
2001700002 45 130 0 130
2001700002 46 196 2 198
2001700002 47 175 0 175
2001700002 48 378 0 378
2001700002 49 51 0 51
2001700002 50 60 0 60
2001700002 51 254 17 254
2001700002 52 29 0 29
2001700002 53 7 0 7
2001700002 54 373 47 417
2001700002 55 4 0 4
2001700002 56 167 0 167
2001700002 57 13 0 13
2001700002 58 130 21 150
2001700002 59 95 0 95
2001700002 60 122 0 122
2001700002 61 20 5 20
2001700002 62 120 1 120
2001700002 63 264 65 264
2001700002 64 36 0 36
2001700002 65 52 0 52
2001700002 66 75 0 75
2001700002 67 18 0 18
2001700002 68 436 0 436
2001700002 69 150 0 150
2001700002 70 184 0 184
2001700002 71 26 0 26
2001700002 72 801 0 801
2001700002 73 363 7 368
2001700002 74 19 1 20
2001700002 75 43 0 43
2001700002 76 409 5 410
2001700002 77 5 0 5
2001700002 78 30 1 31
2001700002 79 145 1 146
2001700002 80 2 0 2
2001700002 81 60 0 60
2001700002 82 35 0 35
2001700002 83 5 0 5
2001700002 84 233 33 266
2001700002 85 202 0 202
2001700002 86 48 0 48
2001700002 87 396 1 397
2001700002 88 51 1 52
2001700002 89 15 0 15
2001700002 90 210 0 210
2001700002 91 91 0 91
2001700002 92 40 0 40
2001700002 93 2 0 2
2001700002 94 38 0 38
2001700002 95 46 0 46
2001700002 96 710 0 710
2001700002 97 15 0 15
2001700002 98 28 1 29
2001700002 99 84 0 84
2001700002 100 153 0 153
2001700002 101 45 3 46
2001700002 102 102 0 102
2001700002 103 186 0 186
2001700002 104 27 0 27
2001700002 105 14 0 14
2001700002 106 11 0 11
2001700002 107 303 0 303
2001700002 108 12 0 12
2001700002 109 81 0 81
2001700002 110 231 0 231
2001700002 111 7 0 7
2001700002 112 43 0 43
2001700002 113 40 0 40
2001700002 114 6 0 6
2001700002 115 21 0 21
2001700002 116 213 0 213
2001700002 117 21 0 21
2001700002 118 13 0 13
2001700002 119 26 0 26
2001700002 120 152 0 152
2001700002 121 7 0 7
2001700002 122 33 0 33
2001700002 123 23 0 23
2001700002 124 334 0 334
2001700002 125 132 9 140
2001700002 126 18 0 18
2001700002 127 55 0 55
2001800002 0 6 2 8
2001800002 1 130 1 131
2001800002 3 27 2 29
2001800002 4 73 0 73
2001800002 5 142 0 142
2001800002 6 106 0 106
2001800002 7 89 5 94
2001800002 8 351 1 352
2001800002 9 16 1 17
2001800002 10 276 1 277
2001800002 11 37 0 37
2001800002 12 20 4 24
2001800002 13 379 0 379
2001800002 14 32 6 38
2001800002 15 239 1 240
2001800002 16 7 0 7
2001800002 17 19 0 19
2001800002 18 17 0 17
2001800002 19 71 0 71
2001800002 20 8 0 8
2001800002 21 152 0 152
2001800002 22 192 0 192
2001800002 23 27 0 27
2001800002 24 12 0 12
2001800002 25 404 0 404
2001800002 26 151 0 151
2001800002 27 58 0 58
2001800002 28 59 0 59
2001800002 29 25 0 25
2001800002 30 39 0 39
2001800002 31 176 0 176
2001800002 32 107 0 107
2001800002 33 274 0 274
2001800002 34 99 0 99
2001800002 35 281 0 281
2001800002 36 554 0 554
2001800002 37 42 1 43
2001800002 38 145 0 145
2001800002 39 3 0 3
2001800002 40 701 0 701
2001800002 41 14 0 14
2001800002 42 20 2 22
2001800002 43 58 0 58
2001800002 44 15 0 15
2001800002 45 153 0 153
2001800002 46 25 1 26
2001800002 47 119 0 119
2001800002 48 4 0 4
2001800002 49 16 0 16
2001800002 50 128 1 129
2001800002 51 276 9 276
2001800002 52 12 0 12
2001800002 53 12 1 13
2001800002 54 375 1 375
2001800002 55 14 2 16
2001800002 56 9 1 9
2001800002 57 31 12 43
2001800002 58 205 2 207
2001800002 59 59 1 60
2001800002 60 7 0 7
2001800002 61 154 1 155
2001800002 62 270 0 270
2001800002 63 343 49 343
2001800002 64 12 0 12
2001800002 65 80 0 80
2001800002 66 90 0 90
2001800002 68 675 8 682
2001800002 69 476 0 476
2001800002 70 13 0 13
2001800002 71 5 0 5
2001800002 72 306 1 307
2001800002 73 364 21 385
2001800002 74 79 1 80
2001800002 75 67 0 67
2001800002 76 388 0 388
2001800002 77 87 0 87
2001800002 78 73 0 73
2001800002 79 85 0 85
2001800002 80 67 0 67
2001800002 81 110 0 110
2001800002 82 23 0 23
2001800002 83 18 1 19
2001800002 84 15 0 15
2001800002 85 306 0 306
2001800002 86 6 0 6
2001800002 87 29 0 29
2001800002 88 249 1 250
2001800002 89 4 0 4
2001800002 90 17 0 17
2001800002 91 8 1 9
2001800002 92 43 0 43
2001800002 93 31 1 32
2001800002 94 165 0 165
2001800002 95 4 1 5
2001800002 96 678 1 679
2001800002 97 9 0 9
2001800002 98 32 0 32
2001800002 99 461 0 461
2001800002 100 243 67 244
2001800002 101 25 2 25
2001800002 102 66 0 66
2001800002 103 74 0 74
2001800002 104 14 0 14
2001800002 105 15 0 15
2001800002 106 116 0 116
2001800002 107 309 0 309
2001800002 108 243 0 243
2001800002 109 278 0 278
2001800002 110 298 0 298
2001800002 111 24 0 24
2001800002 112 13 0 13
2001800002 113 148 0 148
2001800002 114 6 0 6
2001800002 115 223 0 223
2001800002 116 323 0 323
2001800002 117 200 0 200
2001800002 118 99 1 100
2001800002 119 35 0 35
2001800002 120 30 0 30
2001800002 121 166 0 166
2001800002 122 10 0 10
2001800002 123 317 0 317
2001800002 124 489 0 489
2001800002 125 178 9 187
2001800002 126 17 0 17
2001800002 127 111 0 111
2001900002 0 24 0 24
2001900002 1 3 0 3
2001900002 3 11 0 11
2001900002 4 171 1 172
2001900002 5 223 0 223
2001900002 6 16 11 16
2001900002 8 48 0 48
2001900002 9 66 0 66
2001900002 10 24 0 24
2001900002 11 15 0 15
2001900002 12 12 0 12
2001900002 13 379 0 379
2001900002 14 53 36 89
2001900002 15 84 0 84
2001900002 16 13 0 13
2001900002 17 232 0 232
2001900002 18 12 1 13
2001900002 19 83 3 86
2001900002 20 343 2 345
2001900002 21 87 12 99
2001900002 22 51 4 51
2001900002 23 111 0 111
2001900002 24 33 0 33
2001900002 25 112 0 112
2001900002 26 219 7 226
2001900002 27 203 14 217
2001900002 28 163 0 163
2001900002 29 132 17 149
2001900002 30 95 5 100
2001900002 31 232 5 237
2001900002 32 139 0 139
2001900002 33 129 1 130
2001900002 34 97 1 98
2001900002 35 24 0 24
2001900002 36 39 0 39
2001900002 37 26 0 26
2001900002 38 45 0 45
2001900002 39 114 1 115
2001900002 40 667 0 667
2001900002 41 1 0 1
2001900002 42 79 1 80
2001900002 43 145 0 145
2001900002 44 24 0 24
2001900002 45 127 1 128
2001900002 46 47 0 47
2001900002 47 41 1 42
2001900002 48 113 0 113
2001900002 49 311 0 311
2001900002 50 90 1 91
2001900002 51 40 0 40
2001900002 52 2 1 3
2001900002 53 1 0 1
2001900002 54 287 0 287
2001900002 55 170 0 170
2001900002 56 9 1 10
2001900002 57 49 8 57
2001900002 58 120 0 120
2001900002 59 7 1 8
2001900002 60 29 0 29
2001900002 61 177 0 177
2001900002 62 299 2 301
2001900002 63 51 2 53
2001900002 64 10 0 10
2001900002 65 8 0 8
2001900002 66 41 0 41
2001900002 67 7 0 7
2001900002 68 246 0 246
2001900002 69 289 1 290
2001900002 70 2 0 2
2001900002 71 21 0 21
2001900002 72 96 0 96
2001900002 73 16 0 16
2001900002 74 82 0 82
2001900002 75 37 0 37
2001900002 76 55 0 55
2001900002 77 42 0 42
2001900002 78 19 0 19
2001900002 79 184 0 184
2001900002 81 9 0 9
2001900002 82 35 0 35
2001900002 83 1 0 1
2001900002 84 7 0 7
2001900002 85 138 0 138
2001900002 86 29 0 29
2001900002 87 0 1 1
2001900002 88 4 1 4
2001900002 89 28 0 28
2001900002 91 5 0 5
2001900002 92 1 1 2
2001900002 93 15 0 15
2001900002 94 115 0 115
2001900002 95 14 0 14
2001900002 96 98 0 98
2001900002 97 17 0 17
2001900002 98 27 0 27
2001900002 99 256 0 256
2001900002 100 69 2 70
2001900002 101 13 0 13
2001900002 102 240 1 241
2001900002 103 4 0 4
2001900002 104 26 0 26
2001900002 105 3 0 3
2001900002 106 503 0 503
2001900002 107 136 0 136
2001900002 108 265 1 266
2001900002 109 18 0 18
2001900002 110 93 0 93
2001900002 111 33 0 33
2001900002 112 30 0 30
2001900002 113 580 9 580
2001900002 114 13 0 13
2001900002 115 38 0 38
2001900002 116 219 0 219
2001900002 117 346 0 346
2001900002 118 46 0 46
2001900002 119 36 0 36
2001900002 120 199 0 199
2001900002 121 24 0 24
2001900002 122 354 0 354
2001900002 123 59 0 59
2001900002 124 2 2 4
2001900002 125 98 0 98
2001900002 126 131 0 131
2001900002 127 142 0 142
2002000002 0 110 0 110
2002000002 1 31 0 31
2002000002 2 51 0 51
2002000002 3 183 2 185
2002000002 4 190 0 190
2002000002 5 128 1 129
2002000002 6 132 2 132
2002000002 7 39 2 41
2002000002 8 9 0 9
2002000002 9 8 0 8
2002000002 10 17 0 17
2002000002 11 14 0 14
2002000002 12 8 0 8
2002000002 13 47 0 47
2002000002 14 95 0 95
2002000002 15 23 0 23
2002000002 16 1 1 2
2002000002 17 208 2 210
2002000002 18 27 0 27
2002000002 19 192 1 193
2002000002 20 157 1 158
2002000002 21 80 0 80
2002000002 22 19 35 53
2002000002 23 45 1 46
2002000002 24 32 0 32
2002000002 25 78 1 79
2002000002 26 81 0 81
2002000002 27 64 0 64
2002000002 28 50 0 50
2002000002 29 208 0 208
2002000002 30 32 0 32
2002000002 31 58 0 58
2002000002 32 30 0 30
2002000002 33 90 1 91
2002000002 34 87 0 87
2002000002 35 6 0 6
2002000002 36 185 0 185
2002000002 37 21 0 21
2002000002 38 57 0 57
2002000002 39 50 0 50
2002000002 40 130 0 130
2002000002 41 104 0 104
2002000002 42 20 0 20
2002000002 43 413 10 423
2002000002 44 9 0 9
2002000002 45 121 0 121
2002000002 46 133 0 133
2002000002 47 117 0 117
2002000002 48 258 0 258
2002000002 49 264 0 264
2002000002 50 142 0 142
2002000002 51 58 1 59
2002000002 52 136 0 136
2002000002 53 131 0 131
2002000002 54 75 0 75
2002000002 55 384 2 385
2002000002 56 86 0 86
2002000002 57 38 5 43
2002000002 58 17 0 17
2002000002 59 239 0 239
2002000002 60 235 0 235
2002000002 61 55 0 55
2002000002 62 65 0 65
2002000002 63 23 3 26
2002000002 64 1 0 1
2002000002 65 14 0 14
2002000002 66 16 1 17
2002000002 67 13 0 13
2002000002 68 156 0 156
2002000002 69 1 0 1
2002000002 70 7 1 8
2002000002 71 85 0 85
2002000002 72 12 0 12
2002000002 73 16 0 16
2002000002 74 256 0 256
2002000002 75 1 0 1
2002000002 76 23 0 23
2002000002 77 32 0 32
2002000002 78 32 0 32
2002000002 80 17 0 17
2002000002 81 8 1 9
2002000002 82 3 0 3
2002000002 84 1 0 1
2002000002 85 12 0 12
2002000002 86 19 0 19
2002000002 87 5 0 5
2002000002 88 1 0 1
2002000002 89 28 0 28
2002000002 90 11 0 11
2002000002 91 47 0 47
2002000002 92 28 0 28
2002000002 94 10 0 10
2002000002 95 67 0 67
2002000002 96 134 2 136
2002000002 97 12 0 12
2002000002 98 39 0 39
2002000002 99 109 0 109
2002000002 100 19 3 22
2002000002 101 33 0 33
2002000002 102 27 0 27
2002000002 103 9 0 9
2002000002 104 23 0 23
2002000002 105 14 0 14
2002000002 106 210 3 213
2002000002 107 18 0 18
2002000002 108 210 0 210
2002000002 110 18 0 18
2002000002 111 32 0 32
2002000002 112 96 0 96
2002000002 113 98 12 98
2002000002 114 525 0 525
2002000002 115 12 0 12
2002000002 116 12 0 12
2002000002 117 119 1 120
2002000002 118 329 8 337
2002000002 119 93 0 93
2002000002 120 345 0 345
2002000002 121 259 8 267
2002000002 122 287 0 287
2002000002 123 81 0 81
2002000002 124 15 12 27
2002000002 125 367 0 367
2002000002 126 14 0 14
2002000002 127 25 0 25
