0 0
11 0.10
48 1.10
72 2.10
101 3.10
114 4.10
124 5.10
145 6.10
158 7.10
187 8.10
208 9.10
225 10.10
239 11.20
272 12.20
288 13.20
308 14.20
326 15.20
354 16.20
378 17.20
396 18.20
411 19.20
437 20.20
461 21.20
491 22.30
519 23.30
542 24.30
555 25.30
576 26.30
593 27.30
621 28.30
668 29.30
694 30.30
749 31.30
771 32.30
813 33.40
835 34.40
865 35.40
889 36.40
918 37.40
945 38.40
960 39.40
995 40.40
868103 41.40
920858 42.40
980460 43.40
1087776 44.50
1227671 45.50
1318747 46.50
1355157 47.50
1475505 48.50
1527159 49.50
1650867 50.50
1732697 51.50
1801703 52.50
1872488 53.50
1945503 54.50
2063802 55.60
2123389 56.60
2224342 57.60
2320515 58.60
2450440 59.60
2608541 60.60
2691743 61.60
2738208 62.60
2863416 63.60
2916397 64.60
3023254 65.60
3116427 66.70
3207911 67.70
3272331 68.70
3471348 69.70
3574269 70.70
3698065 71.70
3786253 72.70
3890917 73.70
3947254 74.70
4054851 75.70
4146006 76.70
38771193 77.80
62829885 78.80
82137492 79.80
109092218 80.80
126092436 81.80
152504594 82.80
165994646 83.80
194690631 84.80
223181297 85.80
237731754 86.80
266017591 87.80
303199634 88.90
321307246 89.90
332773765 90.90
354850741 91.90
383672878 92.90
401452453 93.90
410826735 94.90
435457397 95.90
475637511 96.90
495440458 97.90
506706581 98.90
515960414 100.00
