0 0.00
53 0.61
55 1.22
58 1.83
62 2.44
65 3.05
68 3.66
72 4.27
76 4.88
80 5.49
84 6.10
89 6.75
95 7.40
101 8.05
107 8.70
113 9.35
120 10.00
128 10.65
136 11.30
144 11.95
153 12.60
164 13.49
175 14.38
187 15.27
201 16.16
215 17.05
230 17.94
246 18.83
263 19.72
281 20.61
301 21.50
317 21.61
333 21.72
350 21.83
369 21.94
388 22.05
408 22.16
429 22.27
452 22.38
475 22.49
500 22.60
512 22.75
525 22.89
538 23.04
552 23.19
565 23.34
579 23.48
594 23.63
608 23.78
624 23.92
639 24.07
654 24.20
668 24.33
684 24.46
699 24.59
715 24.72
731 24.85
748 24.98
765 25.11
782 25.24
800 25.37
809 25.50
819 25.63
829 25.76
839 25.89
849 26.02
859 26.15
869 26.28
879 26.41
889 26.54
900 26.67
910 26.93
919 27.19
929 27.45
939 27.71
949 27.96
959 28.22
969 28.48
979 28.74
990 29.00
1000 29.26
1008 29.46
1016 29.67
1025 29.87
1033 30.08
1042 30.28
1050 30.48
1059 30.69
1067 30.89
1076 31.10
1085 31.30
1110 31.52
1135 31.74
1160 31.97
1187 32.19
1213 32.41
1241 32.63
1269 32.85
1298 33.08
1327 33.30
1357 33.52
1374 33.67
1391 33.82
1408 33.96
1425 34.11
1443 34.26
1461 34.41
1479 34.56
1497 34.70
1515 34.85
1534 35.00
1547 35.22
1559 35.44
1572 35.67
1585 35.89
1598 36.11
1611 36.33
1624 36.55
1637 36.78
1651 37.00
1664 37.22
1681 37.46
1698 37.70
1716 37.94
1733 38.18
1751 38.42
1769 38.67
1787 38.91
1806 39.15
1824 39.39
1843 39.63
1858 39.76
1873 39.89
1889 40.02
1904 40.15
1920 40.28
1936 40.41
1952 40.54
1968 40.67
1984 40.80
2000 40.93
2083 41.63
2169 42.34
2259 43.04
2352 43.74
2449 44.45
2551 45.15
2656 45.85
2766 46.55
2881 47.26
3000 47.96
3088 48.42
3178 48.89
3270 49.35
3366 49.81
3464 50.28
3565 50.74
3669 51.20
3776 51.66
3887 52.13
4000 52.59
4090 52.96
4183 53.33
4277 53.70
4373 54.07
4472 54.45
4573 54.82
4676 55.19
4782 55.56
4890 55.93
5000 56.30
5092 56.56
5186 56.82
5281 57.08
5378 57.34
5477 57.59
5578 57.85
5681 58.11
5785 58.37
5892 58.63
6000 58.89
6093 59.11
6188 59.33
6284 59.56
6382 59.78
6481 60.00
6581 60.22
6684 60.44
6787 60.67
6893 60.89
7000 61.11
7094 61.26
7189 61.41
7286 61.56
7384 61.71
7483 61.86
7584 62.00
7686 62.15
7789 62.30
7894 62.45
8000 62.60
8095 62.75
8191 62.89
8288 63.04
8386 63.19
8485 63.33
8586 63.48
8688 63.63
8790 63.78
8895 63.92
9000 64.07
9095 64.18
9192 64.29
9289 64.41
9387 64.52
9487 64.63
9587 64.74
9689 64.85
9791 64.97
9895 65.08
10000 65.19
10352 65.52
10717 65.86
11095 66.19
11486 66.52
11891 66.86
12310 67.19
12744 67.52
13193 67.85
13659 68.19
14140 68.52
14639 68.82
15155 69.11
15690 69.41
16244 69.70
16817 70.00
17410 70.30
18024 70.59
18660 70.89
19318 71.18
20000 71.48
20411 71.65
20831 71.81
21259 71.98
21695 72.15
22141 72.31
22596 72.48
23061 72.65
23535 72.82
24018 72.98
24512 73.15
25012 73.30
25523 73.45
26044 73.59
26575 73.74
27118 73.89
27671 74.04
28236 74.19
28812 74.33
29400 74.48
30000 74.63
30436 74.74
30879 74.85
31328 74.96
31784 75.07
32246 75.19
32715 75.30
33191 75.41
33673 75.52
34163 75.63
34660 75.74
35160 75.83
35668 75.93
36182 76.02
36705 76.11
37234 76.20
37772 76.30
38317 76.39
38870 76.48
39431 76.58
40000 76.67
40489 76.76
40985 76.85
41486 76.95
41993 77.04
42507 77.13
43027 77.22
43553 77.31
44086 77.41
44625 77.50
45171 77.59
45632 77.65
46098 77.70
46569 77.76
47044 77.81
47524 77.87
48009 77.93
48499 77.98
48995 78.04
49495 78.09
50000 78.15
50920 78.26
51857 78.37
52811 78.48
53783 78.59
54772 78.70
55780 78.82
56806 78.93
57852 79.04
58916 79.15
60000 79.26
60932 79.33
61879 79.41
62840 79.48
63816 79.56
64807 79.63
65814 79.70
66837 79.78
67875 79.85
68929 79.93
70000 80.00
70941 80.07
71895 80.15
72861 80.22
73841 80.30
74833 80.37
75839 80.44
76859 80.52
77892 80.59
78939 80.67
80000 80.74
81805 80.81
83651 80.89
85539 80.96
87469 81.04
89443 81.11
91461 81.18
93525 81.26
95635 81.33
97793 81.41
100000 81.48
103736 81.57
107612 81.67
111632 81.76
115803 81.85
120129 81.95
124617 82.04
129273 82.13
134103 82.22
139113 82.32
144310 82.41
149097 82.74
154043 83.08
159154 83.41
164433 83.74
169888 84.08
175524 84.41
181347 84.74
187363 85.07
193578 85.41
200000 85.74
205362 86.11
210868 86.48
216521 86.85
222326 87.22
228286 87.59
234406 87.96
240691 88.33
247144 88.70
253770 89.07
260573 89.44
264270 89.72
268020 90.00
271823 90.27
275681 90.55
279592 90.83
283560 91.11
287583 91.39
291664 91.66
295803 91.94
300000 92.22
304983 92.55
310050 92.89
315200 93.22
320436 93.56
325759 93.89
331170 94.22
336672 94.56
342264 94.89
347950 95.23
353730 95.56
358105 95.75
362535 95.93
367019 96.11
371558 96.30
376154 96.48
380807 96.67
385517 96.86
390285 97.04
395113 97.22
400000 97.41
404069 97.50
408180 97.59
412332 97.69
416527 97.78
420764 97.87
425044 97.96
429368 98.05
433736 98.15
438149 98.24
442606 98.33
453562 98.40
464789 98.48
476295 98.55
488085 98.63
500167 98.70
512548 98.77
525235 98.85
538237 98.92
551560 99.00
565213 99.07
583565 99.13
602512 99.18
622075 99.24
642273 99.29
663127 99.35
684658 99.41
706888 99.46
729840 99.52
753537 99.57
778003 99.63
797780 99.67
818060 99.70
838855 99.74
860179 99.78
882045 99.81
904467 99.85
927458 99.89
951034 99.93
975210 99.96
1000000 100.00